499999999999999999
499999998999999999
499999998000000001
499999997000000003
499999996000000007
499999995000000011
499999994000000017
499999993000000023
499999992000000031
499999991000000039
499999990000000049
499999989000000059
499999988000000071
499999987000000083
499999986000000097
499999985000000111
499999984000000127
499999983000000143
499999982000000161
499999981000000179
499999980000000199
499999979000000219
499999978000000241
499999977000000263
499999976000000287
499999975000000311
499999974000000337
499999973000000363
499999972000000391
499999971000000419
499999970000000449
499999969000000479
499999968000000511
499999967000000543
499999966000000577
499999965000000611
499999964000000647
499999963000000683
499999962000000721
499999961000000759
499999960000000799
499999959000000839
499999958000000881
499999957000000923
499999956000000967
499999955000001011
499999954000001057
499999953000001103
499999952000001151
499999951000001199
499999950000001249
499999949000001299
499999948000001351
499999947000001403
499999946000001457
499999945000001511
499999944000001567
499999943000001623
499999942000001681
499999941000001739
499999940000001799
499999939000001859
499999938000001921
499999937000001983
499999936000002047
499999935000002111
499999934000002177
499999933000002243
499999932000002311
499999931000002379
499999930000002449
499999929000002519
499999928000002591
499999927000002663
499999926000002737
499999925000002811
499999924000002887
499999923000002963
499999922000003041
499999921000003119
499999920000003199
499999919000003279
499999918000003361
499999917000003443
499999916000003527
499999915000003611
499999914000003697
499999913000003783
499999912000003871
499999911000003959
499999910000004049
499999909000004139
499999908000004231
499999907000004323
499999906000004417
499999905000004511
499999904000004607
499999903000004703
499999902000004801
499999901000004899
499999900000004999
499999899000005099
499999898000005201
499999897000005303
499999896000005407
499999895000005511
499999894000005617
499999893000005723
499999892000005831
499999891000005939
499999890000006049
499999889000006159
499999888000006271
499999887000006383
499999886000006497
499999885000006611
499999884000006727
499999883000006843
499999882000006961
499999881000007079
499999880000007199
499999879000007319
499999878000007441
499999877000007563
499999876000007687
499999875000007811
499999874000007937
499999873000008063
499999872000008191
499999871000008319
499999870000008449
499999869000008579
499999868000008711
499999867000008843
499999866000008977
499999865000009111
499999864000009247
499999863000009383
499999862000009521
499999861000009659
499999860000009799
499999859000009939
499999858000010081
499999857000010223
499999856000010367
499999855000010511
499999854000010657
499999853000010803
499999852000010951
499999851000011099
499999850000011249
499999849000011399
499999848000011551
499999847000011703
499999846000011857
499999845000012011
499999844000012167
499999843000012323
499999842000012481
499999841000012639
499999840000012799
499999839000012959
499999838000013121
499999837000013283
499999836000013447
499999835000013611
499999834000013777
499999833000013943
499999832000014111
499999831000014279
499999830000014449
499999829000014619
499999828000014791
499999827000014963
499999826000015137
499999825000015311
499999824000015487
499999823000015663
499999822000015841
499999821000016019
499999820000016199
499999819000016379
499999818000016561
499999817000016743
499999816000016927
499999815000017111
499999814000017297
499999813000017483
499999812000017671
499999811000017859
499999810000018049
499999809000018239
499999808000018431
499999807000018623
499999806000018817
499999805000019011
499999804000019207
499999803000019403
499999802000019601
499999801000019799
499999800000019999
499999799000020199
499999798000020401
499999797000020603
499999796000020807
499999795000021011
499999794000021217
499999793000021423
499999792000021631
499999791000021839
499999790000022049
499999789000022259
499999788000022471
499999787000022683
499999786000022897
499999785000023111
499999784000023327
499999783000023543
499999782000023761
499999781000023979
499999780000024199
499999779000024419
499999778000024641
499999777000024863
499999776000025087
499999775000025311
499999774000025537
499999773000025763
499999772000025991
499999771000026219
499999770000026449
499999769000026679
499999768000026911
499999767000027143
499999766000027377
499999765000027611
499999764000027847
499999763000028083
499999762000028321
499999761000028559
499999760000028799
499999759000029039
499999758000029281
499999757000029523
499999756000029767
499999755000030011
499999754000030257
499999753000030503
499999752000030751
499999751000030999
499999750000031249
499999749000031499
499999748000031751
499999747000032003
499999746000032257
499999745000032511
499999744000032767
499999743000033023
499999742000033281
499999741000033539
499999740000033799
499999739000034059
499999738000034321
499999737000034583
499999736000034847
499999735000035111
499999734000035377
499999733000035643
499999732000035911
499999731000036179
499999730000036449
499999729000036719
499999728000036991
499999727000037263
499999726000037537
499999725000037811
499999724000038087
499999723000038363
499999722000038641
499999721000038919
499999720000039199
499999719000039479
499999718000039761
499999717000040043
499999716000040327
499999715000040611
499999714000040897
499999713000041183
499999712000041471
499999711000041759
499999710000042049
499999709000042339
499999708000042631
499999707000042923
499999706000043217
499999705000043511
499999704000043807
499999703000044103
499999702000044401
499999701000044699
499999700000044999
499999699000045299
499999698000045601
499999697000045903
499999696000046207
499999695000046511
499999694000046817
499999693000047123
499999692000047431
499999691000047739
499999690000048049
499999689000048359
499999688000048671
499999687000048983
499999686000049297
499999685000049611
499999684000049927
499999683000050243
499999682000050561
499999681000050879
499999680000051199
499999679000051519
499999678000051841
499999677000052163
499999676000052487
499999675000052811
499999674000053137
499999673000053463
499999672000053791
499999671000054119
499999670000054449
499999669000054779
499999668000055111
499999667000055443
499999666000055777
499999665000056111
499999664000056447
499999663000056783
499999662000057121
499999661000057459
499999660000057799
499999659000058139
499999658000058481
499999657000058823
499999656000059167
499999655000059511
499999654000059857
499999653000060203
499999652000060551
499999651000060899
499999650000061249
499999649000061599
499999648000061951
499999647000062303
499999646000062657
499999645000063011
499999644000063367
499999643000063723
499999642000064081
499999641000064439
499999640000064799
499999639000065159
499999638000065521
499999637000065883
499999636000066247
499999635000066611
499999634000066977
499999633000067343
499999632000067711
499999631000068079
499999630000068449
499999629000068819
499999628000069191
499999627000069563
499999626000069937
499999625000070311
499999624000070687
499999623000071063
499999622000071441
499999621000071819
499999620000072199
499999619000072579
499999618000072961
499999617000073343
499999616000073727
499999615000074111
499999614000074497
499999613000074883
499999612000075271
499999611000075659
499999610000076049
499999609000076439
499999608000076831
499999607000077223
499999606000077617
499999605000078011
499999604000078407
499999603000078803
499999602000079201
499999601000079599
499999600000079999
499999599000080399
499999598000080801
499999597000081203
499999596000081607
499999595000082011
499999594000082417
499999593000082823
499999592000083231
499999591000083639
499999590000084049
499999589000084459
499999588000084871
499999587000085283
499999586000085697
499999585000086111
499999584000086527
499999583000086943
499999582000087361
499999581000087779
499999580000088199
499999579000088619
499999578000089041
499999577000089463
499999576000089887
499999575000090311
499999574000090737
499999573000091163
499999572000091591
499999571000092019
499999570000092449
499999569000092879
499999568000093311
499999567000093743
499999566000094177
499999565000094611
499999564000095047
499999563000095483
499999562000095921
499999561000096359
499999560000096799
499999559000097239
499999558000097681
499999557000098123
499999556000098567
499999555000099011
499999554000099457
499999553000099903
499999552000100351
499999551000100799
499999550000101249
499999549000101699
499999548000102151
499999547000102603
499999546000103057
499999545000103511
499999544000103967
499999543000104423
499999542000104881
499999541000105339
499999540000105799
499999539000106259
499999538000106721
499999537000107183
499999536000107647
499999535000108111
499999534000108577
499999533000109043
499999532000109511
499999531000109979
499999530000110449
499999529000110919
499999528000111391
499999527000111863
499999526000112337
499999525000112811
499999524000113287
499999523000113763
499999522000114241
499999521000114719
499999520000115199
499999519000115679
499999518000116161
499999517000116643
499999516000117127
499999515000117611
499999514000118097
499999513000118583
499999512000119071
499999511000119559
499999510000120049
499999509000120539
499999508000121031
499999507000121523
499999506000122017
499999505000122511
499999504000123007
499999503000123503
499999502000124001
499999501000124499
499999500000124999
499999499000125499
499999498000126001
499999497000126503
499999496000127007
499999495000127511
499999494000128017
499999493000128523
499999492000129031
499999491000129539
499999490000130049
499999489000130559
499999488000131071
499999487000131583
499999486000132097
499999485000132611
499999484000133127
499999483000133643
499999482000134161
499999481000134679
499999480000135199
499999479000135719
499999478000136241
499999477000136763
499999476000137287
499999475000137811
499999474000138337
499999473000138863
499999472000139391
499999471000139919
499999470000140449
499999469000140979
499999468000141511
499999467000142043
499999466000142577
499999465000143111
499999464000143647
499999463000144183
499999462000144721
499999461000145259
499999460000145799
499999459000146339
499999458000146881
499999457000147423
499999456000147967
499999455000148511
499999454000149057
499999453000149603
499999452000150151
499999451000150699
499999450000151249
499999449000151799
499999448000152351
499999447000152903
499999446000153457
499999445000154011
499999444000154567
499999443000155123
499999442000155681
499999441000156239
499999440000156799
499999439000157359
499999438000157921
499999437000158483
499999436000159047
499999435000159611
499999434000160177
499999433000160743
499999432000161311
499999431000161879
499999430000162449
499999429000163019
499999428000163591
499999427000164163
499999426000164737
499999425000165311
499999424000165887
499999423000166463
499999422000167041
499999421000167619
499999420000168199
499999419000168779
499999418000169361
499999417000169943
499999416000170527
499999415000171111
499999414000171697
499999413000172283
499999412000172871
499999411000173459
499999410000174049
499999409000174639
499999408000175231
499999407000175823
499999406000176417
499999405000177011
499999404000177607
499999403000178203
499999402000178801
499999401000179399
499999400000179999
499999399000180599
499999398000181201
499999397000181803
499999396000182407
499999395000183011
499999394000183617
499999393000184223
499999392000184831
499999391000185439
499999390000186049
499999389000186659
499999388000187271
499999387000187883
499999386000188497
499999385000189111
499999384000189727
499999383000190343
499999382000190961
499999381000191579
499999380000192199
499999379000192819
499999378000193441
499999377000194063
499999376000194687
499999375000195311
499999374000195937
499999373000196563
499999372000197191
499999371000197819
499999370000198449
499999369000199079
499999368000199711
499999367000200343
499999366000200977
499999365000201611
499999364000202247
499999363000202883
499999362000203521
499999361000204159
499999360000204799
499999359000205439
499999358000206081
499999357000206723
499999356000207367
499999355000208011
499999354000208657
499999353000209303
499999352000209951
499999351000210599
499999350000211249
499999349000211899
499999348000212551
499999347000213203
499999346000213857
499999345000214511
499999344000215167
499999343000215823
499999342000216481
499999341000217139
499999340000217799
499999339000218459
499999338000219121
499999337000219783
499999336000220447
499999335000221111
